=== 7906279a03b04602bf2bc36e
4244779043 x 2023902501 = 4244779043 x (2,000,000,000 + 23,902,501).
4244779043 x 2,000,000,000 = 8,489,558,086,000,000,000
4244779043 x 23,902,501 = 101,460,835,320,086,543
Sum = 8,591,018,921,320,086,543
Answer: 8591018921320086543

=== 8d488592ca6b41d95ed6f00d
9080225616 x 5269055474 = 9080225616 x (5,000,000,000 + 269,055,474).
9080225616 x 5,000,000,000 = 45,401,128,080,000,000,000
9080225616 x 269,055,474 = 2,443,084,407,139,821,984
Sum = 47,844,212,487,139,821,984
Answer: 47844212487139821984

=== 908a6b0018fa3f34a7391914
5148715964 x 7416321871 = 5148715964 x (7,000,000,000 + 416,321,871).
5148715964 x 7,000,000,000 = 36,041,011,748,000,000,000
5148715964 x 416,321,871 = 2,143,523,063,380,048,644
Sum = 38,184,534,811,380,048,644
Answer: 38184534811380048644

=== 8462a59a5d6f0b89de9f7f82
2094668373 x 3455725127 = 2094668373 x (3,000,000,000 + 455,725,127).
2094668373 x 3,000,000,000 = 6,284,005,119,000,000,000
2094668373 x 455,725,127 = 954,593,010,308,308,371
Sum = 7,238,598,129,308,308,371
Answer: 7238598129308308371

=== 07a337da71606473d69dd1bb
1826651159 x 5526447940 = 1826651159 x (5,000,000,000 + 526,447,940).
1826651159 x 5,000,000,000 = 9,133,255,795,000,000,000
1826651159 x 526,447,940 = 961,636,739,754,162,460
Sum = 10,094,892,534,754,162,460
Answer: 10094892534754162460

=== 62b1ba1fdaf7c9d8eaae8de9
9483087969 x 9604621580 = 9483087969 x (9,000,000,000 + 604,621,580).
9483087969 x 9,000,000,000 = 85,347,791,721,000,000,000
9483087969 x 604,621,580 = 5,733,679,631,095,771,020
Sum = 91,081,471,352,095,771,020
Answer: 91081471352095771020

=== 01559d9f3a06d1ecd531e319
2026854929 x 2895383598 = 2026854929 x (2,000,000,000 + 895,383,598).
2026854929 x 2,000,000,000 = 4,053,709,858,000,000,000
2026854929 x 895,383,598 = 1,814,812,658,952,054,542
Sum = 5,868,522,516,952,054,542
Answer: 5868522516952054542

=== 9df4c706115615ceb3230c46
5221829068 x 6394364551 = 5221829068 x (6,000,000,000 + 394,364,551).
5221829068 x 6,000,000,000 = 31,330,974,408,000,000,000
5221829068 x 394,364,551 = 2,059,304,275,800,568,468
Sum = 33,390,278,683,800,568,468
Answer: 33390278683800568468

=== ff635135da5f9c38f1b656e8
7004993709 x 6431297589 = 7004993709 x (6,000,000,000 + 431,297,589).
7004993709 x 6,000,000,000 = 42,029,962,254,000,000,000
7004993709 x 431,297,589 = 3,021,236,897,651,867,601
Sum = 45,051,199,151,651,867,601
Answer: 45051199151651867601

=== 6b6ead739eab605731d3b614
8688805463 x 9113311758 = 8688805463 x (9,000,000,000 + 113,311,758).
8688805463 x 9,000,000,000 = 78,199,249,167,000,000,000
8688805463 x 113,311,758 = 984,543,821,932,533,954
Sum = 79,183,792,988,932,533,954
Answer: 79183792988932533954
</content>
</invoke>
