=== e4507b2354882b70de5a0823
2094668373 = 2,094,000,000 + 668,373. 2094*3455725127=7,236,288,415,938 -> *10^6 = 7,236,288,415,938,000,000. 668,373*3455725127 = 2,309,713,370,308,371. Sum = 7,238,598,129,308,308,371.
Answer: 7238598129308308371

=== 2092d3a4d7dbbddf2e53aeaf
1826651159 = 1,826,000,000 + 651,159. 1826*5526447940=10,091,293,938,440 -> *10^6 = 10,091,293,938,440,000,000. 651,159*5526447940 = 3,598,596,314,162,460. Sum = 10,094,892,534,754,162,460.
Answer: 10094892534754162460

=== 3664a68dc04ba348a175c623
2026854929 = 2,026,000,000 + 854,929. 2026*2895383598=5,866,047,169,548 -> *10^6 = 5,866,047,169,548,000,000. 854,929*2895383598 = 2,475,347,404,054,542. Sum = 5,868,522,516,952,054,542.
Answer: 5868522516952054542

=== 76303460efcefa87daf87389
4244779043 = 4,244,000,000 + 779,043. 4244*2023902501=8,589,442,214,244 -> *10^6 = 8,589,442,214,244,000,000. 779,043*2023902501 = 1,576,707,076,086,543. Sum = 8,591,018,921,320,086,543.
Answer: 8591018921320086543

=== e7c6085961363a41b0b4ca89
8688805463 = 8,688,000,000 + 805,463. 8688*9113311758=79,176,452,553,504 -> *10^6 = 79,176,452,553,504,000,000. 805,463*9113311758 = 7,340,435,428,533,954. Sum = 79,183,792,988,932,533,954.
Answer: 79183792988932533954

=== 7a42ecd2f98e84edaf41e583
5148715964 = 5,148,000,000 + 715,964. 5148*7416321871=38,179,224,991,908 -> *10^6 = 38,179,224,991,908,000,000. 715,964*7416321871 = 5,309,819,472,048,644. Sum = 38,184,534,811,380,048,644.
Answer: 38184534811380048644

=== 61d68a83c8fe7fdcdb687506
5221829068 = 5,221,000,000 + 829,068. 5221*6394364551=33,384,977,320,771 -> *10^6 = 33,384,977,320,771,000,000. 829,068*6394364551 = 5,301,363,029,568,468. Sum = 33,390,278,683,800,568,468.
Answer: 33390278683800568468

=== 0f146e5a5e550a293391fbcd
7004993709 = 7,004,000,000 + 993,709. 7004*6431297589=45,044,808,313,356 -> *10^6 = 45,044,808,313,356,000,000. 993,709*6431297589 = 6,390,838,295,867,601. Sum = 45,051,199,151,651,867,601.
Answer: 45051199151651867601

=== 948015a1efc5c2ec66bd3c1b
9080225616 = 9,080,000,000 + 225,616. 9080*5269055474=47,843,023,703,920 -> *10^6 = 47,843,023,703,920,000,000. 225,616*5269055474 = 1,188,783,219,821,984. Sum = 47,844,212,487,139,821,984.
Answer: 47844212487139821984

=== b7b0d8429d6b3c7f4bc3ea3b
9483087969 = 9,483,000,000 + 87,969. 9483*9604621580=91,080,626,443,140 -> *10^6 = 91,080,626,443,140,000,000. 87,969*9604621580 = 844,908,955,771,020. Sum = 91,081,471,352,095,771,020.
Answer: 91081471352095771020
