=== d0794e4e609d1d49b79faa18
2398413 × 2,200,784 = 4,796,826,000,000 + 480,562,955,792
Answer: 5278388955792

=== b576e007fb3fab8c83d2419a
1471140 × 1,906,663 = 2,804,032,840,000 + 975,365,820
Answer: 2804968205820

=== 98806e07e594255529e24e36
1832973 × 8,831,878 = 14,663,784,000,000 + 1,524,809,913,294
Answer: 16188593913294

=== 31f73de13d253e29fc035c1d
8630720 × 2,487,661 = 17,261,440,000,000 + 4,208,865,545,920
Answer: 21470305545920

=== ea186cfe6088514a24dd3a20
2896337 × 2,299,176 = 5,792,674,000,000 + 866,514,518,312
Answer: 6659188518312

=== 5d741038844ef1c1d2c3f81c
7416048 × 1,302,052 = 7,416,048,000,000 + 2,240,032,130,496
Answer: 9656080130496

=== de9a963f8afec832423032c1
7453719 × 3,378,755 = 22,361,157,000,000 + 2,823,133,339,845
Answer: 25184290339845

=== 601cf20571243f558b762125
8508434 × 1,828,316 = 8,508,434,000,000 + 7,047,672,017,144
Answer: 15556106017144

=== ba65dad178594215f9ca2b12
1246261 × 7,625,557 = 8,723,827,000,000 + 779,607,292,377
Answer: 9503434292377

=== 06eba9764d229390e0b4487a
6934860 × 3,640,504 = 20,804,580,000,000 + 4,441,805,569,440
Answer: 25246385569440
