=== 8e437a480702881421dc3250
69,952,089 = 70,000,000 − 47,911  
89,583,287 × 70,000,000 = 6,270,830,090,000,000  
89,583,287 × 47,911 = 4,292,024,863,457  
Subtract: 6,270,830,090,000,000 − 4,292,024,863,457
Answer: 6266538065136543

=== 0b97440f6070059255987933
40,151,855 = 40,000,000 + 151,855  
17,178,429 × 40,000,000 = 687,137,160,000,000  
17,178,429 × 151,855 = 2,608,630,335,795  
Add the partial products.
Answer: 689745790335795

=== 5c37dca39574e740e27c92e2
96,358,010 = 96,000,000 + 358,010  
86,842,974 × 96,000,000 = 8,336,925,504,000,000  
86,842,974 × 358,010 = 31,090,653,121,740  
Add the partial products.
Answer: 8368016157121740

=== fb16652d1116f8cf6056777e
94,967,409 = 95,000,000 − 32,591  
35,751,240 × 95,000,000 = 3,396,367,800,000,000  
35,751,240 × 32,591 = 1,165,168,662,840  
Subtract the second partial product.
Answer: 3395202631337160

=== a3490cb97389f1ae2c96f104
26,446,881 = 26,000,000 + 446,881  
33,935,859 × 26,000,000 = 882,332,334,000,000  
33,935,859 × 446,881 = 15,165,290,605,779  
Add the partial products.
Answer: 897497624605779

=== f785efbff25f0582bbade285
32,469,563 = 32,000,000 + 469,563  
83,455,904 × 32,000,000 = 2,670,588,928,000,000  
83,455,904 × 469,563 = 39,187,804,649,952  
Add the partial products.
Answer: 2709776732649952

=== cf554f267ef67f28e4fef501
73,726,273 = 73,000,000 + 726,273  
87,692,272 × 73,000,000 = 6,401,535,856,000,000  
87,692,272 × 726,273 = 63,688,528,462,256  
Add the partial products.
Answer: 6465224384462256

=== dfcc6806768782d1fae1df98
85,402,282 = 85,000,000 + 402,282  
51,257,056 × 85,000,000 = 4,356,849,760,000,000  
51,257,056 × 402,282 = 20,619,791,001,792  
Add the partial products.
Answer: 4377469551001792

=== 12305de8ff6e4ae6729604d6
95,619,276 = 95,000,000 + 619,276  
26,233,070 × 95,000,000 = 2,491,141,650,000,000  
26,233,070 × 619,276 = 16,245,563,123,460  
Add the partial products.
Answer: 2507387213123460

=== 97be09bafa517a2f0bbd0543
12,326,265 = 12,000,000 + 326,265  
72,391,622 × 12,000,000 = 868,699,464,000,000  
72,391,622 × 326,265 = 23,618,852,551,830  
Add the partial products.
Answer: 892318316551830
