=== 759971c6c3f86d3b86a724da
35,751,240 × (95,000,000 − 32,591)
= 3,396,367,800,000,000 − 1,165,168,662,840
Answer: 3,395,202,631,337,160

=== 38d5f3a9cdd46ee6fabb73c3
87,692,272 × (73,000,000 + 726,273)
= 6,401,535,856,000,000 + 63,688,529,462,256
Answer: 6,465,224,385,462,256

=== a8e20c81aebf5c64d71b87d3
89,583,287 × (70,000,000 − 47,911)
= 6,270,830,090,000,000 − 4,292,020,863,457
Answer: 6,266,538,069,136,543

=== 43173879f33c6971079dd208
72,391,622 × (12,000,000 + 326,265)
= 868,699,464,000,000 + 23,618,852,551,830
Answer: 892,318,316,551,830

=== 82e94bff7eba49441b757719
17,178,429 × (40,000,000 + 151,855)
= 687,137,160,000,000 + 2,608,630,335,795
Answer: 689,745,790,335,795

=== 555f470d59c0faec6f283dcf
83,455,904 × (32,000,000 + 469,563)
= 2,670,588,928,000,000 + 3,886,197,257,952
Answer: 2,674,475,125,257,952

=== 3e7fc850f51bfd99bd575a25
33,935,859 × (26,000,000 + 446,881)
= 882,332,334,000,000 + 15,165,290,605,779
Answer: 897,497,624,605,779

=== c3ea8a318841fbb94bf32b8a
86,842,974 × (100,000,000 − 3,641,990)
= 8,684,297,400,000,000 − 316,275,242,878,260
Answer: 8,368,022,157,121,740

=== 866bb9269f06f514850cee16
26,233,070 × (100,000,000 − 4,380,724)
= 2,623,307,000,000,000 − 105,948,129,402,680
Answer: 2,517,358,870,597,320

=== e006efd0685351d39b4a58ee
51,257,056 × (85,000,000 + 402,282)
= 4,356,849,760,000,000 + 20,619,791,001,792
Answer: 4,377,469,551,001,792
