=== 1aca81c79118e3d36b49c19d
95,619,276 × 26,233,070  
= 95,619,276 × (26,000,000 + 233,070)  
= 2,486,101,176,000,000 + 22,285,984,657,320  
Answer: 2,508,387,160,657,320

=== ecb87d41a774ecb1f47be492
87,692,272 × 73,726,273  
= 87,692,272 × (73,000,000 + 726,273)  
= 6,401,535,856,000,000 + 63,688,529,462,256  
Answer: 6,465,224,385,462,256

=== e7573abd9c07a65dd2cc76ea
51,257,056 × 85,402,282  
= 51,257,056 × (85,000,000 + 402,282)  
= 4,356,849,760,000,000 + 20,619,791,001,792  
Answer: 4,377,469,551,001,792

=== 13a8da79af1162e05863ca7e
17,178,429 × 40,151,855  
= 17,178,429 × (40,000,000 + 151,855)  
= 687,137,160,000,000 + 2,608,630,335,795  
Answer: 689,745,790,335,795

=== a358059556666f67a03c478d
35,751,240 × 94,967,409  
= 35,751,240 × (95,000,000 − 32,591)  
= 3,396,367,800,000,000 − 1,165,168,662,840  
Answer: 3,395,202,631,337,160

=== d328afcf71ed1a663c42c292
89,583,287 × 69,952,089  
= 89,583,287 × (70,000,000 − 47,911)  
= 6,270,830,090,000,000 − 4,292,024,863,457  
Answer: 6,266,538,065,136,543

=== 9c56cf5674e0500ca8a5c7d7
86,842,974 × 96,358,010  
= 86,842,974 × (96,000,000 + 358,010)  
= 8,336,925,504,000,000 + 31,090,653,121,740  
Answer: 8,368,016,157,121,740

=== ba3cac0b87726cd08651732a
83,455,904 × 32,469,563  
= 83,455,904 × (32,000,000 + 469,563)  
= 2,670,588,928,000,000 + 39,188,804,649,952  
Answer: 2,709,777,732,649,952

=== d12db15356b62420f33f0d96
33,935,859 × 26,446,881  
= 33,935,859 × (26,000,000 + 446,881)  
= 882,332,334,000,000 + 15,165,290,605,779  
Answer: 897,497,624,605,779

=== 70ab98dd9a2e6c485787a7a4
72,391,622 × 12,326,265  
= 72,391,622 × (12,000,000 + 326,265)  
= 868,699,464,000,000 + 23,618,852,551,830  
Answer: 892,318,316,551,830
