=== 848b6a8027b18eded3fd31e2
8630720 × 2,000,000 = 17,261,440,000,000; × 400,000 = 3,452,288,000,000; × 80,000 = 690,457,600,000; × 7,000 = 60,415,040,000; × 600 = 5,178,432,000; × 60 = 517,843,200; × 1 = 8,630,720
Answer: 21470305545920

=== 974a13b3dc59b45a7c669a3c
7586865 × 7,000,000 = 53,108,055,000,000; × 500,000 = 3,793,432,500,000; × 40,000 = 303,474,600,000; × 6,000 = 45,521,190,000; × 500 = 3,793,432,500; × 70 = 530,880,550; × 2 = 15,173,730
Answer: 57254822776780

=== 7130e6f8525cb76a73eef559
2398413 × 2,000,000 = 4,796,826,000,000; × 200,000 = 479,682,600,000; × 700 = 1,678,889,100; × 80 = 191,873,040; × 4 = 9,593,652
Answer: 5278388955792

=== 1327a984f347f99d9cb30113
1705523 × 7,000,000 = 11,938,661,000,000; × 400,000 = 682,209,200,000; × 13,000 = 22,171,799,000; × 58 = 98,920,334
Answer: 12643140919334

=== 3bf3cb01ed776114716a3321
1832973 × 8,000,000 = 14,663,784,000,000; × 800,000 = 1,466,378,400,000; × 31,000 = 56,802,163,000; × 878 = 1,610,150,794
Answer: 16188574713794

=== 677cf45a3665355428a87617
8781196 × 1,000,000 = 8,781,196,000,000; × 800,000 = 7,024,956,800,000; × 5,000 = 43,905,980,000; × 217 = 1,905,519,532
Answer: 15851964299532

=== fc1a1a0c285b75431b757292
2896337 × 2,000,000 = 5,792,674,000,000; × 299,000 = 866,524,763,000; × 176 = 509,955,712
Answer: 6659708718712

=== 99035505675dafe925aa010d
2913198 × 3,000,000 = 8,739,594,000,000; × 500,000 = 1,456,599,000,000; × 13,000 = 37,871,574,000; × 989 = 2,881,088,822
Answer: 10236945662822

=== 16e5467358cd65f35b1a188d
1471140 × 1,000,000 = 1,471,140,000,000; × 900,000 = 1,324,026,000,000; × 6,000 = 8,826,840,000; × 663 = 975,426,420
Answer: 2804968266420

=== 1ade6aa52c520bab8a9adb07
2461596 × 4,000,000 = 9,846,384,000,000; × 900,000 = 2,215,436,400,000; × 42,000 = 103,347,032,000; × 424 = 1,043,637,504
Answer: 12166211069504
