=== d1718a9b3f08d06e8cceb23c
99697587 × 70M = 6,978,831,090,000,000; × 2,357,025 = 234,989,704,998,675; total = 6,978,831,090,000,000 + 234,989,704,998,675
Answer: 7213820794998675

=== 94288cfec778db156015c54d
46950430 × 70M = 3,286,530,100,000,000; × 2,614,944 = 122,772,745,225,920; total = 3,286,530,100,000,000 + 122,772,745,225,920
Answer: 3409302845225920

=== 0ace185c62bb619b9cd29d23
52665020 × 80M = 4,213,201,600,000,000; × 6,302,206 = 331,897,018,964,120; total = 4,213,201,600,000,000 + 331,897,018,964,120
Answer: 4545098618964120

=== 8a9a88ee053623fb55046805
40118775 × 26M = 1,043,087,950,000,000; × 88,610 = 3,554,924,682,250; total = 1,043,087,950,000,000 + 3,554,924,682,250
Answer: 1046642874682250

=== c9df4ab01d30118ed6514596
79748344 × 51M = 4,067,245,344,000,000; × 314,256 = 25,062,038,446,464; total = 4,067,245,344,000,000 + 25,062,038,446,464
Answer: 4092307382446464

=== 3bb817f4f0eb1230fbdd1e25
14563398 × 12M = 174,760,776,000,000; × 249,578 = 3,634,713,654,644; total = 174,760,776,000,000 + 3,634,713,654,644
Answer: 178395489654644

=== 47435b4d64855ea865887637
50109228 × 73M = 3,657,973,644,000,000; × 802,450 = 40,210,099,808,600; total = 3,657,973,644,000,000 + 40,210,099,808,600
Answer: 3698183743808600

=== 7abcb4cd08eb7dab2ad45543
83502827 × 61M = 5,093,672,447,000,000; × 492,279 = 41,104,214,493,333; total = 5,093,672,447,000,000 + 41,104,214,493,333
Answer: 5134776661493333

=== 1e6e37f7053f869ca9c2c5a1
98852103 × 95M = 9,390,949,785,000,000; × 869,836 = 85,984,965,418,308; total = 9,390,949,785,000,000 + 85,984,965,418,308
Answer: 9476934750418308

=== c8b1748bd68cb4b24e536e63
57641680 × 78M = 4,496,051,040,000,000; × 345,721 = 19,927,139,098,480; total = 4,496,051,040,000,000 + 19,927,139,098,480
Answer: 4515978179098480
