=== fb0eb2547ce79c0f785146d3
14,156,542 × 14,035,812 = 14,156,542 × (14,000,000 + 35,812)  
= 198,191,588,000,000 + 506,974,082,104  
Answer: 198698562082104

=== 6f3a27f2b78d98e060bfb91f
43,398,016 × 83,394,054 = 43,398,016 × (83,000,000 + 394,054)  
= 3,602,035,328,000,000 + 17,361,289,504,000  
Answer: 3619396617504000

=== a2cad7e1fab47143bf92e2c8
76,709,553 × 11,911,235 = 76,709,553 × (12,000,000 − 88,765)  
= 920,514,636,000,000 − 6,809,123,472,045  
Answer: 913705512527955

=== 7a0cf12a6389b4147945be21
67,516,649 × 24,926,358 = 67,516,649 × (25,000,000 − 73,642)  
= 1,687,916,225,000,000 − 4,972,061,065,658  
Answer: 1682944163934342

=== 7dc29dc69d8b6466ecd8b909
91,401,785 × 47,492,673 = 91,401,785 × (47,000,000 + 492,673)  
= 4,295,883,895,000,000 + 45,031,191,621,305  
Answer: 4340915086621305

=== 04e3908f6157a72bc94787a2
65,172,563 × 99,449,161 = 65,172,563 × (100,000,000 − 550,839)  
= 6,517,256,300,000,000 − 3,639,671,745,357  
Answer: 6513616628254643

=== 2a8a61b2246eef28b8dfb6ad
67,620,956 × 65,183,193 = 67,620,956 × (65,000,000 + 183,193)  
= 4,395,362,140,000,000 + 12,387,685,792,508  
Answer: 4395374527685792

=== a0a906c8dfb2f711e9f18c60
44,610,246 × 24,346,673 = 44,610,246 × (24,000,000 + 346,673)  
= 1,070,645,904,000,000 + 15,465,167,811,558  
Answer: 1086111071811558

=== 73a0a065f11de0ea88285c48
80,200,109 × 16,834,656 = 80,200,109 × (16,000,000 + 834,656)  
= 1,283,201,744,000,000 + 66,939,502,177,504  
Answer: 1350141246177504

=== 4c5cb4a2be7c6bb6a8486f40
15,353,007 × 53,918,105 = 15,353,007 × (54,000,000 − 81,895)  
= 829,062,378,000,000 − 1,257,257,743,230  
Answer: 827805120256770
