=== 0441c8c87624bf76c47d3cf6
57,641,680 × 78,345,721 = 57,641,680 × (78,000,000 + 345,721)  
= 4,496,051,040,000,000 + 19,927,939,251,280
Answer: 4496070967939251280

=== 450789b5d37154ec580f649d
50,109,228 × 73,802,450 = 50,109,228 × (73,000,000 + 802,450)  
= 3,657,973,644,000,000 + 40,210,150,008,600
Answer: 3698183794008600

=== 99dbbc5f818a9b75b475014a
40,118,775 × 26,088,610 = 40,118,775 × (26,000,000 + 88,610)  
= 1,043,088,150,000,000 + 3,554,924,652,750
Answer: 1046643074652750

=== 7efee0d5ce1660ca48197cd8
14,563,398 × 12,249,578 = 14,563,398 × (12,000,000 + 249,578)  
= 174,760,776,000,000 + 3,634,703,746,044
Answer: 178395479746044

=== 206e7a01b5d1b35690b459a3
99,697,587 × 72,357,025 = 99,697,587 × (72,000,000 + 357,025)  
= 7,178,226,264,000,000 + 35,594,530,998,675
Answer: 7213820794998675

=== 091b82f68a1077fc9b026c5e
79,748,344 × 51,314,256 = 79,748,344 × (51,000,000 + 314,256)  
= 4,067,165,544,000,000 + 25,061,395,592,064
Answer: 4092226939592064

=== 7c4c3edf78baaaac85ea1d53
98,852,103 × 95,869,836 = 98,852,103 × (95,000,000 + 869,836)  
= 9,390,949,785,000,000 + 85,985,117,865,108
Answer: 9476934902865108

=== c1b688e8132492d733c9f59c
46,950,430 × 72,614,944 = 46,950,430 × (72,000,000 + 614,944)  
= 3,380,430,960,000,000 + 28,871,885,225,920
Answer: 3409302845225920

=== 493d035de870b5dfbee9bb33
83,502,827 × 61,492,279 = 83,502,827 × (61,000,000 + 492,279)  
= 5,093,672,447,000,000 + 41,106,688,172,733
Answer: 5134779135172733

=== c1aa636e6240d42eb847395c
52,665,020 × 86,302,206 = 52,665,020 × (86,000,000 + 302,206)  
= 4,529,191,720,000,000 + 15,915,685,034,120
Answer: 4545107405034120
