=== c2de510291407da20b96e9b0
65,172,563 × (100,000,000 − 550,839)
= 6,517,256,300,000,000 − 35,904,599,430,357
Answer: 6,481,351,700,569,643

=== 5c7cd993c00f86028166c9e2
76,709,553 × (12,000,000 − 88,765)
= 920,514,636,000,000 − 6,809,123,472,045
Answer: 913,705,512,527,955

=== 2cd450c69ca65099174a70c2
67,620,956 × (65,000,000 + 183,193)
= 4,394,362,140,000,000 + 12,387,685,792,508
Answer: 4,406,749,825,792,508

=== 87bb53cbc3aa204540c4a867
43,398,016 × (83,000,000 + 394,054)
= 3,602,035,328,000,000 + 17,101,161,796,864
Answer: 3,619,136,489,796,864

=== c63573e83fbee5920a64915d
91,401,785 × (47,000,000 + 492,673)
= 4,295,883,895,000,000 + 45,031,191,621,305
Answer: 4,340,915,086,621,305

=== 72b84cfcb1314f2470833bf5
14,156,542 × (14,000,000 + 35,812)
= 198,191,588,000,000 + 506,974,082,104
Answer: 198,698,562,082,104

=== d60372d905694957dbae36d9
15,353,007 × (54,000,000 − 81,895)
= 829,062,378,000,000 − 1,257,334,508,265
Answer: 827,805,043,491,735

=== 74b7899f7260323bf84654a5
80,200,109 × (16,000,000 + 834,656)
= 1,283,201,744,000,000 + 66,939,502,177,504
Answer: 1,350,141,246,177,504

=== 668b655b09b8d923c109821f
67,516,649 × (25,000,000 − 73,642)
= 1,687,916,225,000,000 − 4,972,061,065,658
Answer: 1,682,944,163,934,342

=== ca2005fa7ef67fcf0354002d
44,610,246 × (24,000,000 + 346,673)
= 1,070,645,904,000,000 + 15,465,167,811,558
Answer: 1,086,111,071,811,558
