=== 2f868ddfb4b0dbc56f169a65
40,118,775 × 26,088,610 = 40,118,775 × (26,000,000 + 88,610)  
= 1,043,088,150,000,000 + 3,554,924,652,750  
Answer: 1046643074652750

=== 9bd8bb8d4fe04ff7c3069ade6
14,563,398 × 12,249,578 = 14,563,398 × (12,250,000 − 422)  
= 178,401,625,500,000 − 6,145,753,956  
Answer: 178395479746044

=== bd232c6f4641f08f631659a6
52,665,020 × 86,302,206 = 52,665,020 × (86,000,000 + 302,206)  
= 4,529,191,720,000,000 + 15,915,685,034,120  
Answer: 4545107405034120

=== 2dec836e69f9f7cfc7d2796d
83,502,827 × 61,492,279 = 83,502,827 × (61,000,000 + 492,279)  
= 5,093,672,447,000,000 + 41,106,688,172,733  
Answer: 5134779135172733

=== a421da5b635b56c154a56ac3
79,748,344 × 51,314,256 = 79,748,344 × (51,000,000 + 314,256)  
= 4,067,165,544,000,000 + 25,061,395,592,064  
Answer: 4092226939592064

=== 2d316fa426dd917439ca0645
46,950,430 × 72,614,944 = 46,950,430 × (72,000,000 + 614,944)  
= 3,380,430,960,000,000 + 28,871,885,225,920  
Answer: 3409302846185920

=== 5fe6a3698d2e1db3dcc22793
99,697,587 × 72,357,025 = 99,697,587 × (72,000,000 + 357,025)  
= 7,178,226,264,000,000 + 35,594,530,998,675  
Answer: 7213820794678675

=== 280fc578cc814c29c94005c6
50,109,228 × 73,802,450 = 50,109,228 × (73,000,000 + 802,450)  
= 3,657,973,644,000,000 + 40,210,150,008,600  
Answer: 3698183794008600

=== 55767ebe34d283204d826efc
57,641,680 × 78,345,721 = 57,641,680 × (78,000,000 + 345,721)  
= 4,496,051,040,000,000 + 19,927,996,892,960  
Answer: 4515979036892960

=== ff2724f311c8bbc7146eff44
98,852,103 × 95,869,836 = 98,852,103 × (96,000,000 − 130,164)  
= 9,489,801,888,000,000 − 12,866,985,134,892  
Answer: 9476934902865108
