=== deffa3674262fd2fa931a462
31,380,889 × 77,234,984 = 31,380,889 × (77,000,000 + 234,984)
= 2,416,328,453,000,000 + 7,374,006,820,776
Answer: 2423702459820776

=== cdab22987848c859ed35912a
98,527,508 × 47,773,437 = 98,527,508 × (48,000,000 − 226,563)
= 4,729,320,384,000,000 − 22,322,687,795,004
Answer: 4706997696204996

=== c5c1fdc86f9e5fd778f3e128
28,116,943 × 46,434,994 = 28,116,943 × (46,000,000 + 434,994)
= 1,293,379,378,000,000 + 12,230,701,503,342
Answer: 1305610079503342

=== 640615ead1b8c87e6e2dbbeb
27,851,857 × 27,332,368 = 27,851,857 × (27,000,000 + 332,368)
= 752,000,139,000,000 + 9,257,066,007,376
Answer: 761257205007376

=== 37fd1e552d295a634a17f077
50,276,758 × 90,539,936 = 50,276,758 × (90,000,000 + 539,936)
= 4,524,908,220,000,000 + 27,146,231,607,488
Answer: 4552054451607488

=== 23f185da41023e25d0878f5b
97,628,805 × 91,643,945 = 97,628,805 × (92,000,000 − 356,055)
= 8,981,850,060,000,000 − 34,761,223,854,275
Answer: 8947088836145725

=== 1995d67c35f35dc4bbd61009
74,256,131 × 33,287,156 = 74,256,131 × (33,000,000 + 287,156)
= 2,450,452,323,000,000 + 21,323,093,553,436
Answer: 2471775416553436

=== fd5fc8d2993fd004b64e5255
75,259,525 × 70,363,685 = 75,259,525 × (70,000,000 + 363,685)
= 5,268,166,750,000,000 + 27,370,760,349,625
Answer: 5295537510349625

=== 8f95c49052e2f2a8a9ff94f9
62,696,396 × 41,538,849 = 62,696,396 × (42,000,000 − 461,151)
= 2,633,248,632,000,000 − 28,912,505,711,796
Answer: 2604336126288204

=== 3844b6519121489e407e2778
97,700,391 × 62,533,863 = 97,700,391 × (62,000,000 + 533,863)
= 6,057,424,242,000,000 + 52,158,623,840,433
Answer: 6109582865840433
