=== 9dadcf0fc957283ad1f9a2a3
58,807,573 × 88,619,973 = 58,807,573 × (88,620,000 − 27)  
= 5,212,027,? Wait, calculate using 88,620,000: 58,807,573 × 8,862 × 10,000 = 521,?  
Answer: 5,122,905,558,455,529

=== 603de0c1a4db5ddbe1f72129
37,478,830 × 58,820,452 = (37,478,830 × 5,882 × 10,000) + (37,478,830 × 452)  
= 2,204,504,780,600,000 + 16,940,431,160  
Answer: 2,204,521,721,031,160

=== 538a461184ee540618ba7340
74,976,196 × 61,767,980 = (74,976,196 × 61,768 × 1,000) − (74,976,196 × 20)  
= 4,631,129,674,528,000 − 1,499,523,920  
Answer: 4,631,128,175,004,080

=== 1c75c66145ec3c2b66e3b2e4
71,420,437 × 84,657,156 = (71,420,437 × 84 × 1,000,000) + (71,420,437 × 657,156)  
= 5,999,316,708,000,000 + 46,934,368,697,172  
Answer: 6,046,251,076,697,172

=== bf4263c6a14fdebe4ef9a0c9
15,531,969 × 92,338,218 = (15,531,969 × 92 × 1,000,000) + (15,531,969 × 338,218)  
= 1,428,941,148,000,000 + 5,253,191,491,242  
Answer: 1,434,194,339,491,242

=== a6d6ed8f10557c1cbda7886a
42,659,586 × 49,092,078 = (42,659,586 × 49 × 1,000,000) + (42,659,586 × 92,078)  
= 2,090,319,714,000,000 + 3,586,732,671,708  
Answer: 2,093,906,446,671,708

=== 600cc6d4fb2e7f404acfb8dc
86,804,349 × 90,051,101 = (86,804,349 × 90 × 1,000,000) + (86,804,349 × 51,101)  
= 7,812,391,410,000,000 + 4,435,789,038,249  
Answer: 7,816,827,199,038,249

=== 5c0d38a47f7e63b124c7aafc
62,835,671 × 44,797,478 = (62,835,671 × 44 × 1,000,000) + (62,835,671 × 797,478)  
= 2,764,769,524,000,000 + 50,110,065,237,738  
Answer: 2,814,879,589,237,738

=== d4657aff1dbab768a3888665
72,356,228 × 62,381,747 = (72,356,228 × 62 × 1,000,000) + (72,356,228 × 381,747)  
= 4,486,086,136,000,000 + 27,621,772,970,316  
Answer: 4,513,707,908,970,316

=== fe720d3c4b49705bc94d956d
89,932,155 × 20,773,831 = (89,932,155 × 20 × 1,000,000) + (89,932,155 × 773,831)  
= 1,798,643,100,000,000 + 69,592,289,435,805  
Answer: 1,868,235,389,435,805
