=== 29e856b6b95ec1c6531cff38
80,200,109 × 16,834,656 = (80,000,000 + 200,109) × 16,834,656  
= 1,346,772,480,000,000 + 3,368,766,177,504
Answer: 1350141246177504

=== 187f719cfb1dac05c3328235
91,401,785 × 47,492,673 = (91,000,000 + 401,785) × 47,492,673  
= 4,321,833,243,000,000 + 19,081,843,621,305
Answer: 4340915086621305

=== cb517c8995e273bb691756fc
44,610,246 × 24,346,673 = (44,000,000 + 610,246) × 24,346,673  
= 1,071,253,612,000,000 + 14,857,459,811,558
Answer: 1086111071811558

=== bdbdad2b56d0b20e676c2907
76,709,553 × 11,911,235 = (77,000,000 − 290,447) × 11,911,235  
= 917,165,095,000,000 − 350,750,137,045
Answer: 916814344862955

=== c1acd81605a78e81db473f52
15,353,007 × 53,918,105 = (15,000,000 + 353,007) × 53,918,105  
= 808,771,575,000,000 + 19,033,468,491,735
Answer: 827805043491735

=== 80baf5fefd6212f2ec00798f
65,172,563 × 99,449,161 = 65,172,563 × (100,000,000 − 550,839)  
= 6,517,256,300,000,000 − 35,900,241,155,987
Answer: 6481356058844013

=== 6078ffd70f38de90da8239a5
14,156,542 × 14,035,812 = (14,000,000 + 156,542) × 14,035,812  
= 196,501,368,000,000 + 2,197,194,082,104
Answer: 198698562082104

=== c6465e64625af4e2ff23a508
67,620,956 × 65,183,193 = (67,000,000 + 620,956) × 65,183,193  
= 4,367,273,931,000,000 + 40,475,894,792,508
Answer: 4407749825792508

=== 6811bf054fa059a1c28db808
67,516,649 × 24,926,358 = (67,000,000 + 516,649) × 24,926,358  
= 1,670,065,986,000,000 + 12,878,176,934,342
Answer: 1682944162934342

=== 52cfd2f4dfe49bbef00bcfdd
43,398,016 × 83,394,054 = (43,000,000 + 398,016) × 83,394,054  
= 3,585,944,322,000,000 + 33,192,167,796,864
Answer: 3619136489796864
