=== 65bea8ab862b615b625b16ab
57,641,680 × 78,345,721 = 57,641,680 × (78,000,000 + 345,721)
= 4,496,051,040,000,000 + 19,927,939,251,280
Answer: 4,515,978,979,251,280

=== ca2999728f61757b11057ddf
79,748,344 × 51,314,256 = 79,748,344 × (51,000,000 + 314,256)
= 4,067,165,544,000,000 + 25,061,395,592,064
Answer: 4,092,226,939,592,064

=== da45997ab1be39faf06f7a5f
83,502,827 × 61,492,279 = 83,502,827 × (61,000,000 + 492,279)
= 5,093,672,447,000,000 + 41,106,688,172,733
Answer: 5,134,779,135,172,733

=== c967cdf538037633bcdaee77
52,665,020 × 86,302,206 = 52,665,020 × (86,000,000 + 302,206)
= 4,529,191,720,000,000 + 15,915,685,034,120
Answer: 4,545,107,405,034,120

=== ae7db4a258e790b905c7debc
50,109,228 × 73,802,450 = 50,109,228 × (73,000,000 + 802,450)
= 3,657,973,644,000,000 + 40,210,150,008,600
Answer: 3,698,183,794,008,600

=== c7a8e33e4e6f68eb313935e2
46,950,430 × 72,614,944 = 46,950,430 × (72,000,000 + 614,944)
= 3,380,430,960,000,000 + 28,871,885,225,920
Answer: 3,409,302,845,225,920

=== f50ecc18049e39f821c2ec64
14,563,398 × 12,249,578 = 14,563,398 × (12,000,000 + 249,578)
= 174,760,776,000,000 + 3,634,703,746,044
Answer: 178,395,479,746,044

=== dccc21098061405736139e45
99,697,587 × 72,357,025 = 99,697,587 × (72,000,000 + 357,025)
= 7,178,226,264,000,000 + 35,594,530,998,675
Answer: 7,213,820,794,998,675

=== efe6992fc413aef15c8fc5c9
98,852,103 × 95,869,836 = 98,852,103 × (95,000,000 + 869,836)
= 9,390,949,785,000,000 + 85,985,117,865,108
Answer: 9,476,934,902,865,108

=== a852b09e47993a78ab9a1f98
40,118,775 × 26,088,610 = 40,118,775 × (26,000,000 + 88,610)
= 1,043,088,150,000,000 + 3,554,924,652,750
Answer: 1,046,643,074,652,750
