=== 081ec8d2792e2cf96c71fbfc
65,183,193 = 65,000,000 + 183,193.
67,620,956 × 65,000,000 = 4,394,362,140,000,000.
67,620,956 × 183,193 = 12,387,685,792,508.
Adding gives 4,406,749,825,792,508.
Answer: 4406749825792508

=== d87171c4e0393160cdb1c177
47,492,673 = 47,000,000 + 492,673.
91,401,785 × 47,000,000 = 4,295,883,895,000,000.
91,401,785 × 492,673 = 45,031,191,621,305.
Adding gives 4,340,915,086,621,305.
Answer: 4340915086621305

=== 6f85e7aa3891e181c5b028ef
14,035,812 = 14,000,000 + 35,812.
14,156,542 × 14,000,000 = 198,191,588,000,000.
14,156,542 × 35,812 = 506,974,082,104.
Adding gives 198,698,562,082,104.
Answer: 198698562082104

=== 3af8828c9f10df6a69da79fd
99,449,161 = 100,000,000 − 550,839.
65,172,563 × 100,000,000 = 6,517,256,300,000,000.
65,172,563 × 550,839 = 35,899,599,430,357.
Subtracting gives 6,481,356,700,569,643.
Answer: 6481356700569643

=== 929b47596609ecb90b00354f
83,394,054 = 83,000,000 + 394,054.
43,398,016 × 83,000,000 = 3,602,035,328,000,000.
43,398,016 × 394,054 = 17,101,161,796,864.
Adding gives 3,619,136,489,796,864.
Answer: 3619136489796864

=== ac6e164433193bac5901b6f5
11,911,235 = 12,000,000 − 88,765.
76,709,553 × 12,000,000 = 920,514,636,000,000.
76,709,553 × 88,765 = 6,809,123,472,045.
Subtracting gives 913,705,512,527,955.
Answer: 913705512527955

=== 443bc635d4c0619eae35fe8d
16,834,656 = 16,000,000 + 834,656.
80,200,109 × 16,000,000 = 1,283,201,744,000,000.
80,200,109 × 834,656 = 66,939,502,177,504.
Adding gives 1,350,141,246,177,504.
Answer: 1350141246177504

=== 5919a985564b65f95fbc3994
24,346,673 = 24,000,000 + 346,673.
44,610,246 × 24,000,000 = 1,070,645,904,000,000.
44,610,246 × 346,673 = 15,465,167,811,558.
Adding gives 1,086,111,071,811,558.
Answer: 1086111071811558

=== 44fc28cb365dc07aed6bdf25
24,926,358 = 25,000,000 − 73,642.
67,516,649 × 25,000,000 = 1,687,916,225,000,000.
67,516,649 × 73,642 = 4,972,061,065,658.
Subtracting gives 1,682,944,163,934,342.
Answer: 1682944163934342

=== 8e1afd82e65f63ff0d45a825
53,918,105 = 54,000,000 − 81,895.
15,353,007 × 54,000,000 = 829,062,378,000,000.
15,353,007 × 81,895 = 1,257,334,508,265.
Subtracting gives 827,805,043,491,735.
Answer: 827805043491735
