=== e1d1b485030870e8a4cc1268
14563398 × (12,000,000 + 249,578)
= 174,760,776,000,000 + (3,640,849,500,000 − 6,145,753,956)
= 178,395,480,746,044
Answer: 178395480746044

=== 40fd48f00cbcb91715ce81ac
40118775 × (26,000,000 + 88,610)
= 1,043,088,150,000,000 + (3,610,689,750,000 − 55,765,097,250)
= 1,046,643,074,652,750
Answer: 1046643074652750

=== 68f5f8b151822f0cf6ae85be
57641680 × (78,000,000 + 345,721)
= 4,496,051,040,000,000 + (19,944,021,280,000 − 16,082,028,720)
= 4,515,978,979,251,280
Answer: 4515978979251280

=== 72ebb16171059d78a2fe122b
79748344 × (51,000,000 + 314,256)
= 4,067,165,544,000,000 + 25,061,395,592,064
= 4,092,226,939,592,064
Answer: 4092226939592064

=== e6f65399c33338ff235f092f
52665020 × (86,000,000 + 302,206)
= 4,529,191,720,000,000 + 15,915,685,034,120
= 4,545,107,405,034,120
Answer: 4545107405034120

=== 484a1abbba49250e151d5c83
46950430 × (72,000,000 + 614,944)
= 3,380,430,960,000,000 + 28,871,885,225,920
= 3,409,302,845,225,920
Answer: 3409302845225920

=== 67dd84ecb680d4c9ea079fe9
98852103 × 95869836 = (100,000,000 − 1,147,897) × 95,869,836
= 9,586,983,600,000,000 − 110,058,561,853,406
= 9,476,925,038,146,594
Answer: 9476925038146594

=== 4e270b25456d03773c3e0989
50109228 × (73,000,000 + 802,450)
= 3,657,973,644,000,000 + 40,210,150,008,600
= 3,698,183,794,008,600
Answer: 3698183794008600

=== 16162b0220f1b0e292adf656
99697587 × 72,357,025 = (100,000,000 − 302,413) × 72,357,025
= 7,235,702,500,000,000 − 21,881,704,501,325
= 7,213,820,795,498,675
Answer: 7213820795498675

=== 0c1fd7602259f5ca08ad12ec
83502827 × (61,000,000 + 492,279)
= 5,093,672,447,000,000 + 41,106,688,192,333
= 5,134,779,135,192,333
Answer: 5134779135192333
