=== 8cadc3ec5908b147179ff9b0
62696396 × (41,500,000 + 38,849) = 2,601,900,434,000,000 + 2,435,692,288,204.
Answer: 2604336126288204

=== 9e4643a0fb90282f69885e4d
75,259,525 × (70,000,000 + 363,685) = 5,268,166,750,000,000 + 27,370,760,349,625.
Answer: 5295537510349625

=== 7fac6d2c5bb4ccc9d5292b6f
28,116,943 × (46,000,000 + 434,994) = 1,293,379,378,000,000 + 12,230,701,503,342.
Answer: 1305610079503342

=== ea7d187fae1da802438727f4
74,256,131 × (33,000,000 + 287,156) = 2,450,452,323,000,000 + 21,323,093,553,436.
Answer: 2471775416553436

=== 43d66b7537636b1f606a80dc
27,851,857 × (27,000,000 + 332,368) = 752,000,139,000,000 + 9,257,066,007,376.
Answer: 761257205007376

=== 4378027c21e04eba09f0fb47
98,527,508 × (47,000,000 + 773,437) = 4,630,792,876,000,000 + 76,204,820,204,996.
Answer: 4706997696204996

=== 57719e42fa562a74c65e1e3c
97,628,805 × (91,000,000 + 643,945) = 8,884,221,255,000,000 + 62,867,580,835,725.
Answer: 8947088835835725

=== 4f5f926b21ccb99c31135350
97,700,391 × (62,000,000 + 533,863) = 6,057,424,242,000,000 + 52,158,622,840,433.
Answer: 6109582864840433

=== c37595a65166090b9c0c38c4
31,380,889 × (77,000,000 + 234,984) = 2,416,328,453,000,000 + 7,374,006,820,776.
Answer: 2423702459820776

=== 654a800b1544da02c96ff086
50,276,758 × (90,000,000 + 539,936) = 4,524,908,220,000,000 + 27,146,231,607,488.
Answer: 4552054451607488
