=== 1a517e98af06016e413558d7
37,478,830 × (58,000,000 + 820,452)
= 2,173,772,140,000,000 + 30,749,581,031,160
Answer: 2204521721031160

=== c314fb340c55e7294c606c7a
89,932,155 × (20,000,000 + 773,831)
= 1,798,643,100,000,000 + 69,592,289,435,805
Answer: 1868235389435805

=== 0e26c9b16f1dcf08772a1e6b
72,356,228 × (62,000,000 + 381,747)
= 4,486,086,136,000,000 + 27,621,772,970,316
Answer: 4513707908970316

=== f5c1739a78bc4e6640061739
86,804,349 × (90,000,000 + 51,101)
= 7,812,391,410,000,000 + 4,435,789,038,249
Answer: 7816827199038249

=== 4c35974231d8b2bb1f285f9e
42,659,586 × (49,000,000 + 92,078)
= 2,090,319,714,000,000 + 3,928,009,359,708
Answer: 2094247723359708

=== 15b65540c98667bae6823dd7
71,420,437 × (84,000,000 + 657,156)
= 5,999,316,708,000,000 + 46,934,368,697,172
Answer: 6046251076697172

=== 0aa06f2cf1ab1c4e485f24dc
15,531,969 × (92,000,000 + 338,218)
= 1,428,941,148,000,000 + 5,253,191,491,242
Answer: 1434194339491242

=== 73714928969a777c0ec4cb81
74,976,196 × (61,000,000 + 767,980)
= 4,573,547,956,000,000 + 57,580,219,004,080
Answer: 4631128175004080

=== aa455b04fa336f4c82461a02
62,835,671 × (44,000,000 + 797,478)
= 2,764,769,524,000,000 + 50,110,065,237,738
Answer: 2814879589237738

=== 9d11d8548cbd63aaa44769ff
57,807,573 × (88,000,000 + 619,973)
= 5,087,066,424,000,000 + 35,839,134,456,529
Answer: 5122905558456529
