=== 3164782a8c5f005e3d9e685d
91,401,785 × 47,492,673 = 91,401,785 × (47,000,000 + 492,673)
= 4,295,883,895,000,000 + 45,031,191,621,305
Answer: 4340915086621305

=== f8464be373ffd7dc1ce27d15
14,156,542 × 14,035,812 = 14,156,542 × (14,000,000 + 35,812)
= 198,191,588,000,000 + 506,974,082,104
Answer: 198698562082104

=== b60df440eb70c060d47096cd
15,353,007 × 53,918,105 = 15,353,007 × (53,000,000 + 918,105)
= 813,709,371,000,000 + 14,095,672,491,735
Answer: 827805043491735

=== 72023bc2afaca478c6332232
44,610,246 × 24,346,673 = 44,610,246 × (24,000,000 + 346,673)
= 1,070,645,904,000,000 + 15,465,167,811,558
Answer: 1086111049551558

=== 82b28363e60d91cb570c2d6c
76,709,553 × 11,911,235 = 76,709,553 × (11,000,000 + 911,235)
= 843,805,083,000,000 + 69,881,707,444,955
Answer: 913686790444955

=== 480f7e408f8f329affcd40ef
43,398,016 × 83,394,054 = 43,398,016 × (83,000,000 + 394,054)
= 3,602,035,328,000,000 + 17,101,161,796,864
Answer: 3619136489796864

=== 166737a146b3025a8afeb8d8
80,200,109 × 16,834,656 = 80,200,109 × (16,000,000 + 834,656)
= 1,283,201,744,000,000 + 66,939,502,177,504
Answer: 1350141246177504

=== 3e86af6ced3bf6c62164172c
67,620,956 × 65,183,193 = 67,620,956 × (65,000,000 + 183,193)
= 4,395,362,140,000,000 + 12,387,685,792,508
Answer: 4407749825792508

=== f8e3d5e8c6a7c0b0a4a0920b
67,516,649 × 24,926,358 = 67,516,649 × (24,000,000 + 926,358)
= 1,620,399,576,000,000 + 62,544,587,934,342
Answer: 1682944163934342

=== 718e520e5f6ca457e35bb29d
65,172,563 × 99,449,161 = 65,172,563 × (100,000,000 − 550,839)
= 6,517,256,300,000,000 − 35,899,589,430,357
Answer: 6481356710569643
