=== f98310e2864eee2a78da776a
31,380,889 × 77,234,984 = 31,380,889 × (77,000,000 + 234,984)  
= 2,416,328,453,000,000 + 7,374,006,820,776
Answer: 2,423,702,459,820,776

=== 7b271c48851a253e48d98afb
28,116,943 × 46,434,994 = 28,116,943 × (46,000,000 + 434,994)  
= 1,293,379,378,000,000 + 12,230,701,503,342
Answer: 1,293,391,608,701,503

=== 1f8f21c6a3ac93852f740a4e
75,259,525 × 70,363,685 = 75,259,525 × (70,000,000 + 363,685)  
= 5,268,166,750,000,000 + 27,370,760,349,625
Answer: 5,295,537,510,349,625

=== 2f5136c5f7315c5cebeebcd2
98,527,508 × 47,773,437 = 98,527,508 × (47,000,000 + 773,437)  
= 4,630,792,876,000,000 + 76,204,820,204,000
Answer: 4,706,997,696,204,000

=== f2f24bc3091c7c4aef22c9bd
97,700,391 × 62,533,863 = 97,700,391 × (62,000,000 + 533,863)  
= 6,057,424,242,000,000 + 52,158,623,840,433
Answer: 6,109,582,865,840,433

=== 0d1f4c61dd7388a6ec69fa89
97,628,805 × 91,643,945 = 97,628,805 × (91,000,000 + 643,945)  
= 8,884,221,255,000,000 + 62,867,580,835,725
Answer: 8,947,088,835,835,725

=== ae5bcd800b208c711c5a70c8
27,851,857 × 27,332,368 = 27,851,857 × (27,000,000 + 332,368)  
= 752,000,139,000,000 + 9,257,066,007,376
Answer: 761,257,205,007,376

=== 5db304f5a3f1360d398b7dd1
74,256,131 × 33,287,156 = 74,256,131 × (33,000,000 + 287,156)  
= 2,450,452,323,000,000 + 21,323,093,553,436
Answer: 2,471,775,416,553,436

=== bd0b2075c5690a936317a575
50,276,758 × 90,539,936 = 50,276,758 × (90,000,000 + 539,936)  
= 4,524,908,220,000,000 + 27,146,231,607,488
Answer: 4,552,054,451,607,488

=== 1c6151a7c54db67646632267
62,696,396 × 41,538,849 = 62,696,396 × (41,000,000 + 538,849)  
= 2,570,552,236,000,000 + 33,783,890,288,204
Answer: 2,604,336,126,288,204
