=== 72383224da1111deb27dfbe0
16,834,656 × 80,000,000 = 1,346,772,480,000,000  
16,834,656 × 200,109 = 3,368,766,177,504  
Adding: 1,350,141,246,177,504
Answer: 1350141246177504

=== 3d23dff4d44323e49264db67
24,926,358 × 67,000,000 = 1,670,065,986,000,000  
24,926,358 × 516,649 = 12,878,177,934,342  
Adding: 1,682,944,163,934,342
Answer: 1682944163934342

=== 85e81d34d68c216112add09b
53,918,105 × 15,000,000 = 808,771,575,000,000  
53,918,105 × 353,007 = 19,033,468,491,735  
Adding: 827,805,043,491,735
Answer: 827805043491735

=== a87d490f499c89d28ee661c5
65,183,193 × 67,000,000 = 4,367,273,931,000,000  
65,183,193 × 620,956 = 40,475,894,792,508  
Adding: 4,407,749,825,792,508
Answer: 4407749825792508

=== 8b37e87161c50be8803198d6
47,492,673 × 91,000,000 = 4,321,833,243,000,000  
47,492,673 × 401,785 = 19,081,843,621,305  
Adding: 4,340,915,086,621,305
Answer: 4340915086621305

=== c2478eb9ad030161a78bfd7d
14,035,812 × 14,000,000 = 196,501,368,000,000  
14,035,812 × 156,542 = 2,197,194,082,104  
Adding: 198,698,562,082,104
Answer: 198698562082104

=== 0f34fd1d488a25029e58fec5
65,172,563 × 100,000,000 = 6,517,256,300,000,000  
65,172,563 × 550,839 = 35,905,251,155,987  
Subtracting: 6,481,351,048,844,013
Answer: 6481351048844013

=== c89398365c8bef877d1bc517
24,346,673 × 44,000,000 = 1,071,253,612,000,000  
24,346,673 × 610,246 = 14,857,459,811,558  
Adding: 1,086,111,071,811,558
Answer: 1086111071811558

=== cbc8c25b093b7b262091ac6b
83,394,054 × 43,000,000 = 3,585,944,322,000,000  
83,394,054 × 398,016 = 33,192,167,796,864  
Adding: 3,619,136,489,796,864
Answer: 3619136489796864

=== 6fd7cd6adc819a7f5344b9de
11,911,235 × 76,000,000 = 905,253,860,000,000  
11,911,235 × 709,553 = 8,451,652,527,955  
Adding: 913,705,512,527,955
Answer: 913705512527955
