=== 7abcb4cd08eb7dab2ad45543
61,492,279 = 61,500,000 − 7,721  
83,502,827 × 61,500,000 = 5,135,423,860,500,000  
83,502,827 × 7,721 = 644,725,327,267  
Subtract.
Answer: 5,134,779,135,172,733

=== 94288cfec778db156015c54d
72,614,944 = 72,000,000 + 614,944  
46,950,430 × 72,000,000 = 3,380,430,960,000,000  
46,950,430 × 614,944 = 28,871,885,225,920  
Add.
Answer: 3,380,459,831,885,920

=== 1e6e37f7053f869ca9c2c5a1
98,852,103 = 100,000,000 − 1,147,897  
95,869,836 × 100,000,000 = 9,586,983,600,000,000  
95,869,836 × 1,147,897 = 110,048,697,134,892  
Subtract.
Answer: 9,476,934,902,865,108

=== 47435b4d64855ea865887637
73,802,450 = 73,800,000 + 2,450  
50,109,228 × 73,800,000 = 3,698,061,026,400,000  
50,109,228 × 2,450 = 122,767,608,600  
Add.
Answer: 3,698,183,794,008,600

=== 8a9a88ee053623fb55046805
26,088,610 = 26,000,000 + 88,610  
40,118,775 × 26,000,000 = 1,043,088,150,000,000  
40,118,775 × 88,610 = 3,554,924,652,750  
Add.
Answer: 1,046,643,074,652,750

=== d1718a9b3f08d06e8cceb23c
99,697,587 = 100,000,000 − 302,413  
72,357,025 × 100,000,000 = 7,235,702,500,000,000  
72,357,025 × 302,413 = 21,881,705,001,325  
Subtract.
Answer: 7,213,820,794,998,675

=== c8b1748bd68cb4b24e536e63
78,345,721 = 78,000,000 + 345,721  
57,641,680 × 78,000,000 = 4,496,051,040,000,000  
57,641,680 × 345,721 = 19,927,939,251,280  
Add.
Answer: 4,515,978,979,251,280

=== 3bb817f4f0eb1230fbdd1e25
12,249,578 = 12,000,000 + 249,578  
14,563,398 × 12,000,000 = 174,760,776,000,000  
14,563,398 × 249,578 = 3,634,703,746,044  
Add.
Answer: 178,395,479,746,044

=== 0ace185c62bb619b9cd29d23
86,302,206 = 86,000,000 + 302,206  
52,665,020 × 86,000,000 = 4,529,191,720,000,000  
52,665,020 × 302,206 = 15,915,685,034,120  
Add.
Answer: 4,545,107,405,034,120

=== c9df4ab01d30118ed6514596
51,314,256 = 51,000,000 + 314,256  
79,748,344 × 51,000,000 = 4,067,165,544,000,000  
79,748,344 × 314,256 = 25,061,395,592,064  
Add.
Answer: 4,092,226,939,592,064
