=== 4a0f3debf0a6fdf9ef0febd0
53,918,105 × 15,353,007
= 53,918,105 × (15,000,000 + 353,007)
= 808,771,575,000,000 + 19,033,468,491,735
Answer: 827805043491735

=== f8b02f68fa12be16f57dc625
44,610,246 × 24,346,673
= 44,610,246 × (24,000,000 + 346,673)
= 1,070,645,904,000,000 + 15,465,167,811,558
Answer: 1086111071811558

=== e1370efb60527f106059ce94
67,620,956 × 65,183,193
= 67,620,956 × (65,000,000 + 183,193)
= 4,395,362,140,000,000 + 12,387,685,792,508
Answer: 4407749825792508

=== 39a6f1c5c22d8b7d53f7fec0
65,172,563 × 99,449,161
= 65,172,563 × (100,000,000 − 550,839)
= 6,517,256,300,000,000 − 35,904,599,430,357
Answer: 6481351700569643

=== 7f0a08468554e487141b24fa
76,709,553 × 11,911,235
= 76,709,553 × (12,000,000 − 88,765)
= 920,514,636,000,000 − 6,809,123,472,045
Answer: 913705512527955

=== 84e0cafbb9e7846ce51d9249
14,156,542 × 14,035,812
= 14,156,542 × (14,000,000 + 35,812)
= 198,191,588,000,000 + 506,974,082,104
Answer: 198698562082104

=== fcbe96dc6434d566ecb56b50
67,516,649 × 24,926,358
= 67,516,649 × (25,000,000 − 73,642)
= 1,687,916,225,000,000 − 4,972,061,066,658
Answer: 1682944163933342

=== 4a335867c9ca4c2647761d00
43,398,016 × 83,394,054
= 43,398,016 × (83,000,000 + 394,054)
= 3,602,035,328,000,000 + 17,101,161,796,864
Answer: 3619136489796864

=== e78738f968e5089a995baf12
91,401,785 × 47,492,673
= 91,401,785 × (47,000,000 + 492,673)
= 4,295,883,895,000,000 + 45,031,191,621,305
Answer: 4340915086621305

=== 1a3e92593085dff3a74ced7d
80,200,109 × 16,834,656
= 80,200,109 × (16,000,000 + 834,656)
= 1,283,201,744,000,000 + 66,939,502,177,504
Answer: 1350141246177504
