=== 72008a9c703a1fb4ec72ba2b
50,276,758 × (90,000,000 + 539,936)
= 4,524,908,220,000,000 + 27,146,231,607,488
Answer: 4552054451607488

=== e81cbb7fe4e060c18467f542
31,380,889 × (77,000,000 + 234,984)
= 2,416,328,453,000,000 + 7,374,006,820,776
Answer: 2423702459820776

=== 67ce7490f92ef04299e9293c
97,628,805 × (91,000,000 + 643,945)
= 8,884,221,255,000,000 + 62,867,580,835,725
Answer: 8947088835725725

=== 6f9b9a3cf79a1d26eb26eb19
74,256,131 × (33,000,000 + 287,156)
= 2,450,452,323,000,000 + 21,323,093,553,436
Answer: 2471775416553436

=== 4d9eb4357c082ee5d3d77f89
75,259,525 × (70,000,000 + 363,685)
= 5,268,166,750,000,000 + 27,370,760,349,625
Answer: 5295537510349625

=== e6f90ad835e0688db55721c1
98,527,508 × (47,000,000 + 773,437)
= 4,630,792,876,000,000 + 76,204,820,204,996
Answer: 4706997696204996

=== c6cf513e21b34e5c9f6704d4
97,700,391 × (62,000,000 + 533,863)
= 6,057,424,242,000,000 + 52,158,623,840,433
Answer: 6109582865840433

=== 7290a1967d81129bda7ed8ea
28,116,943 × (46,000,000 + 434,994)
= 1,293,379,378,000,000 + 12,230,701,503,342
Answer: 1305610079503342

=== 5e6119448f159b0fe0639f31
27,851,857 × (27,000,000 + 332,368)
= 752,029,881,000,000 + 9,257,066,007,376
Answer: 761286947007376

=== 1e4abfdabd6999873a6c6212
62,696,396 × (41,000,000 + 538,849)
= 2,570,552,236,000,000 + 33,783,890,288,204
Answer: 2604336126288204
