=== 4eecf2cb7c39e92c1598e066
92,338,218 × 15,531,969
= 92,338,218 × (15,000,000 + 531,969)
= 1,385,073,270,000,000 + 49,121,069,491,242
Answer: 1,434,194,339,491,242

=== 35904c5d1c62d6ab27fb9ed4
20,773,831 × 89,932,155
= 20,773,831 × (90,000,000 − 67,845)
= 1,869,644,790,000,000 − 1,409,400,564,195
Answer: 1,868,235,389,435,805

=== dd3f096a3b93e5ee10d34ad2
42,659,586 × 49,092,078
= 42,659,586 × (50,000,000 − 907,922)
= 2,132,979,300,000,000 − 38,731,576,640,292
Answer: 2,094,247,723,359,708

=== e9c386711652057a9e213840
37,478,830 × 58,820,452
= 37,478,830 × (58,000,000 + 820,452)
= 2,173,772,140,000,000 + 37,495,770,431,160
Answer: 2,211,267,910,431,160

=== d87efa4c01ba8b6e5fc23cab
72,356,228 × 62,381,747
= 72,356,228 × (62,000,000 + 381,747)
= 4,486,086,136,000,000 + 27,621,772,970,316
Answer: 4,513,707,908,970,316

=== 52f8ec817cced7911edb5c3e
62,835,671 × 44,797,478
= 62,835,671 × (45,000,000 − 202,522)
= 2,827,605,195,000,000 − 12,725,605,762,262
Answer: 2,814,879,589,237,738

=== eca0b0019c864e776cf040fa
57,807,573 × 88,619,973
= 57,807,573 × (90,000,000 − 1,380,027)
= 5,202,681,570,000,000 − 79,776,011,543,471
Answer: 5,122,905,558,456,529

=== a26c514b007ae4b3e6d486d6
71,420,437 × 84,657,156
= 71,420,437 × (85,000,000 − 342,844)
= 6,070,737,145,000,000 − 24,486,068,302,828
Answer: 6,046,251,076,697,172

=== c5ef075d8d5e774ed34b0106
74,976,196 × 61,767,980
= 74,976,196 × (62,000,000 − 232,020)
= 4,648,524,152,000,000 − 17,395,976,995,920
Answer: 4,631,128,175,004,080

=== 4ae047faa1f4d8b4793865e6
86,804,349 × 90,051,101
= 86,804,349 × (90,000,000 + 51,101)
= 7,812,391,410,000,000 + 4,435,789,038,249
Answer: 7,816,827,199,038,249
